327
NULL 0 NULL 0
Joined 0 0,255,0,255,0,0,0,0,0,0 NULL 0 0 0 	# Joined [4a 6f 69 6e 65 64 ]
|Broken|0|1 0 0,255,0,255,0,0,0,0,0,0 NULL 0 0 0 	# Broken
අ 0 0,255,0,255,0,0,0,0,0,0 NULL 0 0 0 	# අ [d85 ]
ධ 0 0,255,0,255,0,0,0,0,0,0 NULL 0 0 0 	# ධ [db0 ]
්‍ය 0 0,255,0,255,0,0,0,0,0,0 NULL 0 0 0 	# ්‍ය [dca 200d dba ]
ක්‍ෂ 0 0,255,0,255,0,0,0,0,0,0 NULL 0 0 0 	# ක්‍ෂ [d9a dca 200d dc2 ]
ජ 0 0,255,0,255,0,0,0,0,0,0 NULL 0 0 0 	# ජ [da2 ]
න 0 0,255,0,255,0,0,0,0,0,0 NULL 0 0 0 	# න [db1 ]
ර 0 0,255,0,255,0,0,0,0,0,0 NULL 0 0 0 	# ර [dbb ]
ා 0 0,255,0,255,0,0,0,0,0,0 NULL 0 0 0 	# ා [dcf ]
ල් 0 0,255,0,255,0,0,0,0,0,0 NULL 0 0 0 	# ල් [dbd dca ]
, 0 0,255,0,255,0,0,0,0,0,0 NULL 0 0 0 	# , [2c ]
යේ 0 0,255,0,255,0,0,0,0,0,0 NULL 0 0 0 	# යේ [dba dda ]
ප 0 0,255,0,255,0,0,0,0,0,0 NULL 0 0 0 	# ප [db4 ]
්‍ර 0 0,255,0,255,0,0,0,0,0,0 NULL 0 0 0 	# ්‍ර [dca 200d dbb ]
ව 0 0,255,0,255,0,0,0,0,0,0 NULL 0 0 0 	# ව [dc0 ]
ෘ 0 0,255,0,255,0,0,0,0,0,0 NULL 0 0 0 	# ෘ [dd8 ]
ත් 0 0,255,0,255,0,0,0,0,0,0 NULL 0 0 0 	# ත් [dad dca ]
ති 0 0,255,0,255,0,0,0,0,0,0 NULL 0 0 0 	# ති [dad dd2 ]
දෙ 0 0,255,0,255,0,0,0,0,0,0 NULL 0 0 0 	# දෙ [daf dd9 ]
ර් 0 0,255,0,255,0,0,0,0,0,0 NULL 0 0 0 	# ර් [dbb dca ]
තු 0 0,255,0,255,0,0,0,0,0,0 NULL 0 0 0 	# තු [dad dd4 ]
මේ 0 0,255,0,255,0,0,0,0,0,0 NULL 0 0 0 	# මේ [db8 dda ]
න් 0 0,255,0,255,0,0,0,0,0,0 NULL 0 0 0 	# න් [db1 dca ]
ං 0 0,255,0,255,0,0,0,0,0,0 NULL 0 0 0 	# ං [d82 ]
ක 0 0,255,0,255,0,0,0,0,0,0 NULL 0 0 0 	# ක [d9a ]
1 0 0,255,0,255,0,0,0,0,0,0 NULL 0 0 0 	# 1 [31 ]
6 0 0,255,0,255,0,0,0,0,0,0 NULL 0 0 0 	# 6 [36 ]
3 0 0,255,0,255,0,0,0,0,0,0 NULL 0 0 0 	# 3 [33 ]
කි 0 0,255,0,255,0,0,0,0,0,0 NULL 0 0 0 	# කි [d9a dd2 ]
ු 0 0,255,0,255,0,0,0,0,0,0 NULL 0 0 0 	# ු [dd4 ]
ළ 0 0,255,0,255,0,0,0,0,0,0 NULL 0 0 0 	# ළ [dc5 ]
ම 0 0,255,0,255,0,0,0,0,0,0 NULL 0 0 0 	# ම [db8 ]
ත 0 0,255,0,255,0,0,0,0,0,0 NULL 0 0 0 	# ත [dad ]
ො 0 0,255,0,255,0,0,0,0,0,0 NULL 0 0 0 	# ො [ddc ]
හේ 0 0,255,0,255,0,0,0,0,0,0 NULL 0 0 0 	# හේ [dc4 dda ]
ග 0 0,255,0,255,0,0,0,0,0,0 NULL 0 0 0 	# ග [d9c ]
ඩ 0 0,255,0,255,0,0,0,0,0,0 NULL 0 0 0 	# ඩ [da9 ]
පි 0 0,255,0,255,0,0,0,0,0,0 NULL 0 0 0 	# පි [db4 dd2 ]
ට 0 0,255,0,255,0,0,0,0,0,0 NULL 0 0 0 	# ට [da7 ]
ඹ 0 0,255,0,255,0,0,0,0,0,0 NULL 0 0 0 	# ඹ [db9 ]
0 0 0,255,0,255,0,0,0,0,0,0 NULL 0 0 0 	# 0 [30 ]
5 0 0,255,0,255,0,0,0,0,0,0 NULL 0 0 0 	# 5 [35 ]
. 0 0,255,0,255,0,0,0,0,0,0 NULL 0 0 0 	# . [2e ]
ස 0 0,255,0,255,0,0,0,0,0,0 NULL 0 0 0 	# ස [dc3 ]
ඒ 0 0,255,0,255,0,0,0,0,0,0 NULL 0 0 0 	# ඒ [d92 ]
බ 0 0,255,0,255,0,0,0,0,0,0 NULL 0 0 0 	# බ [db6 ]
ද් 0 0,255,0,255,0,0,0,0,0,0 NULL 0 0 0 	# ද් [daf dca ]
සි 0 0,255,0,255,0,0,0,0,0,0 NULL 0 0 0 	# සි [dc3 dd2 ]
ද 0 0,255,0,255,0,0,0,0,0,0 NULL 0 0 0 	# ද [daf ]
ැ 0 0,255,0,255,0,0,0,0,0,0 NULL 0 0 0 	# ැ [dd0 ]
ක් 0 0,255,0,255,0,0,0,0,0,0 NULL 0 0 0 	# ක් [d9a dca ]
2 0 0,255,0,255,0,0,0,0,0,0 NULL 0 0 0 	# 2 [32 ]
ශ 0 0,255,0,255,0,0,0,0,0,0 NULL 0 0 0 	# ශ [dc1 ]
ය 0 0,255,0,255,0,0,0,0,0,0 NULL 0 0 0 	# ය [dba ]
ගි 0 0,255,0,255,0,0,0,0,0,0 NULL 0 0 0 	# ගි [d9c dd2 ]
ජු 0 0,255,0,255,0,0,0,0,0,0 NULL 0 0 0 	# ජු [da2 dd4 ]
ලි 0 0,255,0,255,0,0,0,0,0,0 NULL 0 0 0 	# ලි [dbd dd2 ]
ක්‍රි 0 0,255,0,255,0,0,0,0,0,0 NULL 0 0 0 	# ක්‍රි [d9a dca 200d dbb dd2 ]
රී 0 0,255,0,255,0,0,0,0,0,0 NULL 0 0 0 	# රී [dbb dd3 ]
ෝ 0 0,255,0,255,0,0,0,0,0,0 NULL 0 0 0 	# ෝ [ddd ]
ජි 0 0,255,0,255,0,0,0,0,0,0 NULL 0 0 0 	# ජි [da2 dd2 ]
නි 0 0,255,0,255,0,0,0,0,0,0 NULL 0 0 0 	# නි [db1 dd2 ]
මි 0 0,255,0,255,0,0,0,0,0,0 NULL 0 0 0 	# මි [db8 dd2 ]
තෙ 0 0,255,0,255,0,0,0,0,0,0 NULL 0 0 0 	# තෙ [dad dd9 ]
තේ 0 0,255,0,255,0,0,0,0,0,0 NULL 0 0 0 	# තේ [dad dda ]
වී 0 0,255,0,255,0,0,0,0,0,0 NULL 0 0 0 	# වී [dc0 dd3 ]
තී 0 0,255,0,255,0,0,0,0,0,0 NULL 0 0 0 	# තී [dad dd3 ]
ණ 0 0,255,0,255,0,0,0,0,0,0 NULL 0 0 0 	# ණ [dab ]
ඇ 0 0,255,0,255,0,0,0,0,0,0 NULL 0 0 0 	# ඇ [d87 ]
ඉ 0 0,255,0,255,0,0,0,0,0,0 NULL 0 0 0 	# ඉ [d89 ]
හ 0 0,255,0,255,0,0,0,0,0,0 NULL 0 0 0 	# හ [dc4 ]
ඳ 0 0,255,0,255,0,0,0,0,0,0 NULL 0 0 0 	# ඳ [db3 ]
දු 0 0,255,0,255,0,0,0,0,0,0 NULL 0 0 0 	# දු [daf dd4 ]
ල 0 0,255,0,255,0,0,0,0,0,0 NULL 0 0 0 	# ල [dbd ]
දි 0 0,255,0,255,0,0,0,0,0,0 NULL 0 0 0 	# දි [daf dd2 ]
ස් 0 0,255,0,255,0,0,0,0,0,0 NULL 0 0 0 	# ස් [dc3 dca ]
ත්‍රි 0 0,255,0,255,0,0,0,0,0,0 NULL 0 0 0 	# ත්‍රි [dad dca 200d dbb dd2 ]
ථ 0 0,255,0,255,0,0,0,0,0,0 NULL 0 0 0 	# ථ [dae ]
4 0 0,255,0,255,0,0,0,0,0,0 NULL 0 0 0 	# 4 [34 ]
දී 0 0,255,0,255,0,0,0,0,0,0 NULL 0 0 0 	# දී [daf dd3 ]
චි 0 0,255,0,255,0,0,0,0,0,0 NULL 0 0 0 	# චි [da0 dd2 ]
ටි 0 0,255,0,255,0,0,0,0,0,0 NULL 0 0 0 	# ටි [da7 dd2 ]
7 0 0,255,0,255,0,0,0,0,0,0 NULL 0 0 0 	# 7 [37 ]
යු 0 0,255,0,255,0,0,0,0,0,0 NULL 0 0 0 	# යු [dba dd4 ]
බේ 0 0,255,0,255,0,0,0,0,0,0 NULL 0 0 0 	# බේ [db6 dda ]
නු 0 0,255,0,255,0,0,0,0,0,0 NULL 0 0 0 	# නු [db1 dd4 ]
මී 0 0,255,0,255,0,0,0,0,0,0 NULL 0 0 0 	# මී [db8 dd3 ]
ඩි 0 0,255,0,255,0,0,0,0,0,0 NULL 0 0 0 	# ඩි [da9 dd2 ]
උ 0 0,255,0,255,0,0,0,0,0,0 NULL 0 0 0 	# උ [d8b ]
බ් 0 0,255,0,255,0,0,0,0,0,0 NULL 0 0 0 	# බ් [db6 dca ]
හි 0 0,255,0,255,0,0,0,0,0,0 NULL 0 0 0 	# හි [dc4 dd2 ]
නී 0 0,255,0,255,0,0,0,0,0,0 NULL 0 0 0 	# නී [db1 dd3 ]
( 0 0,255,0,255,0,0,0,0,0,0 NULL 0 0 0 	# ( [28 ]
) 0 0,255,0,255,0,0,0,0,0,0 NULL 0 0 0 	# ) [29 ]
පු 0 0,255,0,255,0,0,0,0,0,0 NULL 0 0 0 	# පු [db4 dd4 ]
ළු 0 0,255,0,255,0,0,0,0,0,0 NULL 0 0 0 	# ළු [dc5 dd4 ]
ඔ 0 0,255,0,255,0,0,0,0,0,0 NULL 0 0 0 	# ඔ [d94 ]
ආ 0 0,255,0,255,0,0,0,0,0,0 NULL 0 0 0 	# ආ [d86 ]
මෙ 0 0,255,0,255,0,0,0,0,0,0 NULL 0 0 0 	# මෙ [db8 dd9 ]
ණි 0 0,255,0,255,0,0,0,0,0,0 NULL 0 0 0 	# ණි [dab dd2 ]
ම් 0 0,255,0,255,0,0,0,0,0,0 NULL 0 0 0 	# ම් [db8 dca ]
භ 0 0,255,0,255,0,0,0,0,0,0 NULL 0 0 0 	# භ [db7 ]
වි 0 0,255,0,255,0,0,0,0,0,0 NULL 0 0 0 	# වි [dc0 dd2 ]
ච 0 0,255,0,255,0,0,0,0,0,0 NULL 0 0 0 	# ච [da0 ]
සු 0 0,255,0,255,0,0,0,0,0,0 NULL 0 0 0 	# සු [dc3 dd4 ]
බෙ 0 0,255,0,255,0,0,0,0,0,0 NULL 0 0 0 	# බෙ [db6 dd9 ]
හෙ 0 0,255,0,255,0,0,0,0,0,0 NULL 0 0 0 	# හෙ [dc4 dd9 ]
ඩී 0 0,255,0,255,0,0,0,0,0,0 NULL 0 0 0 	# ඩී [da9 dd3 ]
කේ 0 0,255,0,255,0,0,0,0,0,0 NULL 0 0 0 	# කේ [d9a dda ]
එ 0 0,255,0,255,0,0,0,0,0,0 NULL 0 0 0 	# එ [d91 ]
කු 0 0,255,0,255,0,0,0,0,0,0 NULL 0 0 0 	# කු [d9a dd4 ]
රි 0 0,255,0,255,0,0,0,0,0,0 NULL 0 0 0 	# රි [dbb dd2 ]
ධි 0 0,255,0,255,0,0,0,0,0,0 NULL 0 0 0 	# ධි [db0 dd2 ]
ෂ 0 0,255,0,255,0,0,0,0,0,0 NULL 0 0 0 	# ෂ [dc2 ]
ලේ 0 0,255,0,255,0,0,0,0,0,0 NULL 0 0 0 	# ලේ [dbd dda ]
වෙ 0 0,255,0,255,0,0,0,0,0,0 NULL 0 0 0 	# වෙ [dc0 dd9 ]
- 0 0,255,0,255,0,0,0,0,0,0 NULL 0 0 0 	# - [2d ]
ඛි 0 0,255,0,255,0,0,0,0,0,0 NULL 0 0 0 	# ඛි [d9b dd2 ]
ලී 0 0,255,0,255,0,0,0,0,0,0 NULL 0 0 0 	# ලී [dbd dd3 ]
ඳේ 0 0,255,0,255,0,0,0,0,0,0 NULL 0 0 0 	# ඳේ [db3 dda ]
8 0 0,255,0,255,0,0,0,0,0,0 NULL 0 0 0 	# 8 [38 ]
ට් 0 0,255,0,255,0,0,0,0,0,0 NULL 0 0 0 	# ට් [da7 dca ]
යෙ 0 0,255,0,255,0,0,0,0,0,0 NULL 0 0 0 	# යෙ [dba dd9 ]
ලු 0 0,255,0,255,0,0,0,0,0,0 NULL 0 0 0 	# ලු [dbd dd4 ]
ලෙ 0 0,255,0,255,0,0,0,0,0,0 NULL 0 0 0 	# ලෙ [dbd dd9 ]
යි 0 0,255,0,255,0,0,0,0,0,0 NULL 0 0 0 	# යි [dba dd2 ]
ඥ 0 0,255,0,255,0,0,0,0,0,0 NULL 0 0 0 	# ඥ [da5 ]
" 0 0,255,0,255,0,0,0,0,0,0 NULL 0 0 0 	# " [22 ]
ඛ 0 0,255,0,255,0,0,0,0,0,0 NULL 0 0 0 	# ඛ [d9b ]
ළි 0 0,255,0,255,0,0,0,0,0,0 NULL 0 0 0 	# ළි [dc5 dd2 ]
ඡ 0 0,255,0,255,0,0,0,0,0,0 NULL 0 0 0 	# ඡ [da1 ]
වේ 0 0,255,0,255,0,0,0,0,0,0 NULL 0 0 0 	# වේ [dc0 dda ]
ගේ 0 0,255,0,255,0,0,0,0,0,0 NULL 0 0 0 	# ගේ [d9c dda ]
/ 0 0,255,0,255,0,0,0,0,0,0 NULL 0 0 0 	# / [2f ]
9 0 0,255,0,255,0,0,0,0,0,0 NULL 0 0 0 	# 9 [39 ]
ඟි 0 0,255,0,255,0,0,0,0,0,0 NULL 0 0 0 	# ඟි [d9f dd2 ]
ව් 0 0,255,0,255,0,0,0,0,0,0 NULL 0 0 0 	# ව් [dc0 dca ]
පෙ 0 0,255,0,255,0,0,0,0,0,0 NULL 0 0 0 	# පෙ [db4 dd9 ]
රේ 0 0,255,0,255,0,0,0,0,0,0 NULL 0 0 0 	# රේ [dbb dda ]
මු 0 0,255,0,255,0,0,0,0,0,0 NULL 0 0 0 	# මු [db8 dd4 ]
ද්‍ර 0 0,255,0,255,0,0,0,0,0,0 NULL 0 0 0 	# ද්‍ර [daf dca 200d dbb ]
ඳු 0 0,255,0,255,0,0,0,0,0,0 NULL 0 0 0 	# ඳු [db3 dd4 ]
ණෙ 0 0,255,0,255,0,0,0,0,0,0 NULL 0 0 0 	# ණෙ [dab dd9 ]
ජ්‍යෙ 0 0,255,0,255,0,0,0,0,0,0 NULL 0 0 0 	# ජ්‍යෙ [da2 dca 200d dba dd9 ]
ෂ් 0 0,255,0,255,0,0,0,0,0,0 NULL 0 0 0 	# ෂ් [dc2 dca ]
ඨ 0 0,255,0,255,0,0,0,0,0,0 NULL 0 0 0 	# ඨ [da8 ]
පී 0 0,255,0,255,0,0,0,0,0,0 NULL 0 0 0 	# පී [db4 dd3 ]
ණ් 0 0,255,0,255,0,0,0,0,0,0 NULL 0 0 0 	# ණ් [dab dca ]
ළේ 0 0,255,0,255,0,0,0,0,0,0 NULL 0 0 0 	# ළේ [dc5 dda ]
ශ් 0 0,255,0,255,0,0,0,0,0,0 NULL 0 0 0 	# ශ් [dc1 dca ]
වූ 0 0,255,0,255,0,0,0,0,0,0 NULL 0 0 0 	# වූ [dc0 dd6 ]
මූ 0 0,255,0,255,0,0,0,0,0,0 NULL 0 0 0 	# මූ [db8 dd6 ]
දේ 0 0,255,0,255,0,0,0,0,0,0 NULL 0 0 0 	# දේ [daf dda ]
ඟ 0 0,255,0,255,0,0,0,0,0,0 NULL 0 0 0 	# ඟ [d9f ]
ච් 0 0,255,0,255,0,0,0,0,0,0 NULL 0 0 0 	# ච් [da0 dca ]
සෙ 0 0,255,0,255,0,0,0,0,0,0 NULL 0 0 0 	# සෙ [dc3 dd9 ]
බු 0 0,255,0,255,0,0,0,0,0,0 NULL 0 0 0 	# බු [db6 dd4 ]
බූ 0 0,255,0,255,0,0,0,0,0,0 NULL 0 0 0 	# බූ [db6 dd6 ]
ජේ 0 0,255,0,255,0,0,0,0,0,0 NULL 0 0 0 	# ජේ [da2 dda ]
සී 0 0,255,0,255,0,0,0,0,0,0 NULL 0 0 0 	# සී [dc3 dd3 ]
ණී 0 0,255,0,255,0,0,0,0,0,0 NULL 0 0 0 	# ණී [dab dd3 ]
නෙ 0 0,255,0,255,0,0,0,0,0,0 NULL 0 0 0 	# නෙ [db1 dd9 ]
ගෙ 0 0,255,0,255,0,0,0,0,0,0 NULL 0 0 0 	# ගෙ [d9c dd9 ]
ගී 0 0,255,0,255,0,0,0,0,0,0 NULL 0 0 0 	# ගී [d9c dd3 ]
පේ 0 0,255,0,255,0,0,0,0,0,0 NULL 0 0 0 	# පේ [db4 dda ]
සේ 0 0,255,0,255,0,0,0,0,0,0 NULL 0 0 0 	# සේ [dc3 dda ]
ටු 0 0,255,0,255,0,0,0,0,0,0 NULL 0 0 0 	# ටු [da7 dd4 ]
ඩ් 0 0,255,0,255,0,0,0,0,0,0 NULL 0 0 0 	# ඩ් [da9 dca ]
නේ 0 0,255,0,255,0,0,0,0,0,0 NULL 0 0 0 	# නේ [db1 dda ]
ඳී 0 0,255,0,255,0,0,0,0,0,0 NULL 0 0 0 	# ඳී [db3 dd3 ]
ෆෙ 0 0,255,0,255,0,0,0,0,0,0 NULL 0 0 0 	# ෆෙ [dc6 dd9 ]
සූ 0 0,255,0,255,0,0,0,0,0,0 NULL 0 0 0 	# සූ [dc3 dd6 ]
ඵ 0 0,255,0,255,0,0,0,0,0,0 NULL 0 0 0 	# ඵ [db5 ]
යී 0 0,255,0,255,0,0,0,0,0,0 NULL 0 0 0 	# යී [dba dd3 ]
ණු 0 0,255,0,255,0,0,0,0,0,0 NULL 0 0 0 	# ණු [dab dd4 ]
රෙ 0 0,255,0,255,0,0,0,0,0,0 NULL 0 0 0 	# රෙ [dbb dd9 ]
ෂි 0 0,255,0,255,0,0,0,0,0,0 NULL 0 0 0 	# ෂි [dc2 dd2 ]
බී 0 0,255,0,255,0,0,0,0,0,0 NULL 0 0 0 	# බී [db6 dd3 ]
ූ 0 0,255,0,255,0,0,0,0,0,0 NULL 0 0 0 	# ූ [dd6 ]
චෙ 0 0,255,0,255,0,0,0,0,0,0 NULL 0 0 0 	# චෙ [da0 dd9 ]
ගු 0 0,255,0,255,0,0,0,0,0,0 NULL 0 0 0 	# ගු [d9c dd4 ]
ශී 0 0,255,0,255,0,0,0,0,0,0 NULL 0 0 0 	# ශී [dc1 dd3 ]
වු 0 0,255,0,255,0,0,0,0,0,0 NULL 0 0 0 	# වු [dc0 dd4 ]
“ 0 0,255,0,255,0,0,0,0,0,0 NULL 0 0 0 	# “ [201c ]
” 0 0,255,0,255,0,0,0,0,0,0 NULL 0 0 0 	# ” [201d ]
ශ්‍රී 0 0,255,0,255,0,0,0,0,0,0 NULL 0 0 0 	# ශ්‍රී [dc1 dca 200d dbb dd3 ]
භි 0 0,255,0,255,0,0,0,0,0,0 NULL 0 0 0 	# භි [db7 dd2 ]
ජී 0 0,255,0,255,0,0,0,0,0,0 NULL 0 0 0 	# ජී [da2 dd3 ]
ෑ 0 0,255,0,255,0,0,0,0,0,0 NULL 0 0 0 	# ෑ [dd1 ]
+ 0 0,255,0,255,0,0,0,0,0,0 NULL 0 0 0 	# + [2b ]
ඹෙ 0 0,255,0,255,0,0,0,0,0,0 NULL 0 0 0 	# ඹෙ [db9 dd9 ]
න්‍ය 0 0,255,0,255,0,0,0,0,0,0 NULL 0 0 0 	# න්‍ය [db1 dca 200d dba ]
බි 0 0,255,0,255,0,0,0,0,0,0 NULL 0 0 0 	# බි [db6 dd2 ]
ප් 0 0,255,0,255,0,0,0,0,0,0 NULL 0 0 0 	# ප් [db4 dca ]
ෆ් 0 0,255,0,255,0,0,0,0,0,0 NULL 0 0 0 	# ෆ් [dc6 dca ]
ටී 0 0,255,0,255,0,0,0,0,0,0 NULL 0 0 0 	# ටී [da7 dd3 ]
' 0 0,255,0,255,0,0,0,0,0,0 NULL 0 0 0 	# ' [27 ]
ශි 0 0,255,0,255,0,0,0,0,0,0 NULL 0 0 0 	# ශි [dc1 dd2 ]
පූ 0 0,255,0,255,0,0,0,0,0,0 NULL 0 0 0 	# පූ [db4 dd6 ]
කෙ 0 0,255,0,255,0,0,0,0,0,0 NULL 0 0 0 	# කෙ [d9a dd9 ]
: 0 0,255,0,255,0,0,0,0,0,0 NULL 0 0 0 	# : [3a ]
= 0 0,255,0,255,0,0,0,0,0,0 NULL 0 0 0 	# = [3d ]
ග්‍රී 0 0,255,0,255,0,0,0,0,0,0 NULL 0 0 0 	# ග්‍රී [d9c dca 200d dbb dd3 ]
ෞ 0 0,255,0,255,0,0,0,0,0,0 NULL 0 0 0 	# ෞ [dde ]
ප්‍රේ 0 0,255,0,255,0,0,0,0,0,0 NULL 0 0 0 	# ප්‍රේ [db4 dca 200d dbb dda ]
ධී 0 0,255,0,255,0,0,0,0,0,0 NULL 0 0 0 	# ධී [db0 dd3 ]
වෛ 0 0,255,0,255,0,0,0,0,0,0 NULL 0 0 0 	# වෛ [dc0 ddb ]
ජෙ 0 0,255,0,255,0,0,0,0,0,0 NULL 0 0 0 	# ජෙ [da2 dd9 ]
යූ 0 0,255,0,255,0,0,0,0,0,0 NULL 0 0 0 	# යූ [dba dd6 ]
ඩු 0 0,255,0,255,0,0,0,0,0,0 NULL 0 0 0 	# ඩු [da9 dd4 ]
ඛ් 0 0,255,0,255,0,0,0,0,0,0 NULL 0 0 0 	# ඛ් [d9b dca ]
ඝ 0 0,255,0,255,0,0,0,0,0,0 NULL 0 0 0 	# ඝ [d9d ]
ඌ 0 0,255,0,255,0,0,0,0,0,0 NULL 0 0 0 	# ඌ [d8c ]
හු 0 0,255,0,255,0,0,0,0,0,0 NULL 0 0 0 	# හු [dc4 dd4 ]
ෆ 0 0,255,0,255,0,0,0,0,0,0 NULL 0 0 0 	# ෆ [dc6 ]
ටෙ 0 0,255,0,255,0,0,0,0,0,0 NULL 0 0 0 	# ටෙ [da7 dd9 ]
ප්‍රි 0 0,255,0,255,0,0,0,0,0,0 NULL 0 0 0 	# ප්‍රි [db4 dca 200d dbb dd2 ]
හී 0 0,255,0,255,0,0,0,0,0,0 NULL 0 0 0 	# හී [dc4 dd3 ]
ඊ 0 0,255,0,255,0,0,0,0,0,0 NULL 0 0 0 	# ඊ [d8a ]
ශේ 0 0,255,0,255,0,0,0,0,0,0 NULL 0 0 0 	# ශේ [dc1 dda ]
කූ 0 0,255,0,255,0,0,0,0,0,0 NULL 0 0 0 	# කූ [d9a dd6 ]
ඡේ 0 0,255,0,255,0,0,0,0,0,0 NULL 0 0 0 	# ඡේ [da1 dda ]
ද්‍රි 0 0,255,0,255,0,0,0,0,0,0 NULL 0 0 0 	# ද්‍රි [daf dca 200d dbb dd2 ]
කී 0 0,255,0,255,0,0,0,0,0,0 NULL 0 0 0 	# කී [d9a dd3 ]
– 0 0,255,0,255,0,0,0,0,0,0 NULL 0 0 0 	# – [2013 ]
භී 0 0,255,0,255,0,0,0,0,0,0 NULL 0 0 0 	# භී [db7 dd3 ]
ඹු 0 0,255,0,255,0,0,0,0,0,0 NULL 0 0 0 	# ඹු [db9 dd4 ]
ඹී 0 0,255,0,255,0,0,0,0,0,0 NULL 0 0 0 	# ඹී [db9 dd3 ]
ග්‍රි 0 0,255,0,255,0,0,0,0,0,0 NULL 0 0 0 	# ග්‍රි [d9c dca 200d dbb dd2 ]
ග් 0 0,255,0,255,0,0,0,0,0,0 NULL 0 0 0 	# ග් [d9c dca ]
ඬ 0 0,255,0,255,0,0,0,0,0,0 NULL 0 0 0 	# ඬ [dac ]
ටේ 0 0,255,0,255,0,0,0,0,0,0 NULL 0 0 0 	# ටේ [da7 dda ]
ඕ 0 0,255,0,255,0,0,0,0,0,0 NULL 0 0 0 	# ඕ [d95 ]
ෂේ 0 0,255,0,255,0,0,0,0,0,0 NULL 0 0 0 	# ෂේ [dc2 dda ]
‘ 0 0,255,0,255,0,0,0,0,0,0 NULL 0 0 0 	# ‘ [2018 ]
’ 0 0,255,0,255,0,0,0,0,0,0 NULL 0 0 0 	# ’ [2019 ]
බ්‍රි 0 0,255,0,255,0,0,0,0,0,0 NULL 0 0 0 	# බ්‍රි [db6 dca 200d dbb dd2 ]
ත්‍රී 0 0,255,0,255,0,0,0,0,0,0 NULL 0 0 0 	# ත්‍රී [dad dca 200d dbb dd3 ]
ජ් 0 0,255,0,255,0,0,0,0,0,0 NULL 0 0 0 	# ජ් [da2 dca ]
ි 0 0,255,0,255,0,0,0,0,0,0 NULL 0 0 0 	# ි [dd2 ]
ජූ 0 0,255,0,255,0,0,0,0,0,0 NULL 0 0 0 	# ජූ [da2 dd6 ]
ථි 0 0,255,0,255,0,0,0,0,0,0 NULL 0 0 0 	# ථි [dae dd2 ]
ශ්‍රේ 0 0,255,0,255,0,0,0,0,0,0 NULL 0 0 0 	# ශ්‍රේ [dc1 dca 200d dbb dda ]
% 0 0,255,0,255,0,0,0,0,0,0 NULL 0 0 0 	# % [25 ]
දෛ 0 0,255,0,255,0,0,0,0,0,0 NULL 0 0 0 	# දෛ [daf ddb ]
්‍යු 0 0,255,0,255,0,0,0,0,0,0 NULL 0 0 0 	# ්‍යු [dca 200d dba dd4 ]
ක්‍රී 0 0,255,0,255,0,0,0,0,0,0 NULL 0 0 0 	# ක්‍රී [d9a dca 200d dbb dd3 ]
ඟෙ 0 0,255,0,255,0,0,0,0,0,0 NULL 0 0 0 	# ඟෙ [d9f dd9 ]
ඳි 0 0,255,0,255,0,0,0,0,0,0 NULL 0 0 0 	# ඳි [db3 dd2 ]
භූ 0 0,255,0,255,0,0,0,0,0,0 NULL 0 0 0 	# භූ [db7 dd6 ]
ඳෙ 0 0,255,0,255,0,0,0,0,0,0 NULL 0 0 0 	# ඳෙ [db3 dd9 ]
තූ 0 0,255,0,255,0,0,0,0,0,0 NULL 0 0 0 	# තූ [dad dd6 ]
ඹි 0 0,255,0,255,0,0,0,0,0,0 NULL 0 0 0 	# ඹි [db9 dd2 ]
ක්‍ර 0 0,255,0,255,0,0,0,0,0,0 NULL 0 0 0 	# ක්‍ර [d9a dca 200d dbb ]
ෟ 0 0,255,0,255,0,0,0,0,0,0 NULL 0 0 0 	# ෟ [ddf ]
ත්‍රෛ 0 0,255,0,255,0,0,0,0,0,0 NULL 0 0 0 	# ත්‍රෛ [dad dca 200d dbb ddb ]
; 0 0,255,0,255,0,0,0,0,0,0 NULL 0 0 0 	# ; [3b ]
ඩේ 0 0,255,0,255,0,0,0,0,0,0 NULL 0 0 0 	# ඩේ [da9 dda ]
ෂෙ 0 0,255,0,255,0,0,0,0,0,0 NULL 0 0 0 	# ෂෙ [dc2 dd9 ]
ක්‍ෂි 0 0,255,0,255,0,0,0,0,0,0 NULL 0 0 0 	# ක්‍ෂි [d9a dca 200d dc2 dd2 ]
? 0 0,255,0,255,0,0,0,0,0,0 NULL 0 0 0 	# ? [3f ]
චේ 0 0,255,0,255,0,0,0,0,0,0 NULL 0 0 0 	# චේ [da0 dda ]
ථී 0 0,255,0,255,0,0,0,0,0,0 NULL 0 0 0 	# ථී [dae dd3 ]
ක්‍ෂේ 0 0,255,0,255,0,0,0,0,0,0 NULL 0 0 0 	# ක්‍ෂේ [d9a dca 200d dc2 dda ]
ට්‍රේ 0 0,255,0,255,0,0,0,0,0,0 NULL 0 0 0 	# ට්‍රේ [da7 dca 200d dbb dda ]
ඟී 0 0,255,0,255,0,0,0,0,0,0 NULL 0 0 0 	# ඟී [d9f dd3 ]
ජෛ 0 0,255,0,255,0,0,0,0,0,0 NULL 0 0 0 	# ජෛ [da2 ddb ]
> 0 0,255,0,255,0,0,0,0,0,0 NULL 0 0 0 	# > [3e ]
ලෛ 0 0,255,0,255,0,0,0,0,0,0 NULL 0 0 0 	# ලෛ [dbd ddb ]
ෲ 0 0,255,0,255,0,0,0,0,0,0 NULL 0 0 0 	# ෲ [df2 ]
ෂී 0 0,255,0,255,0,0,0,0,0,0 NULL 0 0 0 	# ෂී [dc2 dd3 ]
ඛී 0 0,255,0,255,0,0,0,0,0,0 NULL 0 0 0 	# ඛී [d9b dd3 ]
ෆි 0 0,255,0,255,0,0,0,0,0,0 NULL 0 0 0 	# ෆි [dc6 dd2 ]
ශ්‍රි 0 0,255,0,255,0,0,0,0,0,0 NULL 0 0 0 	# ශ්‍රි [dc1 dca 200d dbb dd2 ]
ධු 0 0,255,0,255,0,0,0,0,0,0 NULL 0 0 0 	# ධු [db0 dd4 ]
ගූ 0 0,255,0,255,0,0,0,0,0,0 NULL 0 0 0 	# ගූ [d9c dd6 ]
ඩෙ 0 0,255,0,255,0,0,0,0,0,0 NULL 0 0 0 	# ඩෙ [da9 dd9 ]
චු 0 0,255,0,255,0,0,0,0,0,0 NULL 0 0 0 	# චු [da0 dd4 ]
ඟු 0 0,255,0,255,0,0,0,0,0,0 NULL 0 0 0 	# ඟු [d9f dd4 ]
ර්‍ය 0 0,255,0,255,0,0,0,0,0,0 NULL 0 0 0 	# ර්‍ය [dbb dca 200d dba ]
ර්‍ධ 0 0,255,0,255,0,0,0,0,0,0 NULL 0 0 0 	# ර්‍ධ [dbb dca 200d db0 ]
ඖ 0 0,255,0,255,0,0,0,0,0,0 NULL 0 0 0 	# ඖ [d96 ]
ඹේ 0 0,255,0,255,0,0,0,0,0,0 NULL 0 0 0 	# ඹේ [db9 dda ]
ළෙ 0 0,255,0,255,0,0,0,0,0,0 NULL 0 0 0 	# ළෙ [dc5 dd9 ]
ශු 0 0,255,0,255,0,0,0,0,0,0 NULL 0 0 0 	# ශු [dc1 dd4 ]
ෆ්‍රෙ 0 0,255,0,255,0,0,0,0,0,0 NULL 0 0 0 	# ෆ්‍රෙ [dc6 dca 200d dbb dd9 ]
මෛ 0 0,255,0,255,0,0,0,0,0,0 NULL 0 0 0 	# මෛ [db8 ddb ]
චී 0 0,255,0,255,0,0,0,0,0,0 NULL 0 0 0 	# චී [da0 dd3 ]
නූ 0 0,255,0,255,0,0,0,0,0,0 NULL 0 0 0 	# නූ [db1 dd6 ]
දූ 0 0,255,0,255,0,0,0,0,0,0 NULL 0 0 0 	# දූ [daf dd6 ]
ළී 0 0,255,0,255,0,0,0,0,0,0 NULL 0 0 0 	# ළී [dc5 dd3 ]
ඹ් 0 0,255,0,255,0,0,0,0,0,0 NULL 0 0 0 	# ඹ් [db9 dca ]
ෆී 0 0,255,0,255,0,0,0,0,0,0 NULL 0 0 0 	# ෆී [dc6 dd3 ]
ණූ 0 0,255,0,255,0,0,0,0,0,0 NULL 0 0 0 	# ණූ [dab dd6 ]
ඈ 0 0,255,0,255,0,0,0,0,0,0 NULL 0 0 0 	# ඈ [d88 ]
හෛ 0 0,255,0,255,0,0,0,0,0,0 NULL 0 0 0 	# හෛ [dc4 ddb ]
ඩ්‍රි 0 0,255,0,255,0,0,0,0,0,0 NULL 0 0 0 	# ඩ්‍රි [da9 dca 200d dbb dd2 ]
ඬු 0 0,255,0,255,0,0,0,0,0,0 NULL 0 0 0 	# ඬු [dac dd4 ]
ලූ 0 0,255,0,255,0,0,0,0,0,0 NULL 0 0 0 	# ලූ [dbd dd6 ]
… 0 0,255,0,255,0,0,0,0,0,0 NULL 0 0 0 	# … [2026 ]
ඩ්‍රී 0 0,255,0,255,0,0,0,0,0,0 NULL 0 0 0 	# ඩ්‍රී [da9 dca 200d dbb dd3 ]
ෂු 0 0,255,0,255,0,0,0,0,0,0 NULL 0 0 0 	# ෂු [dc2 dd4 ]
් 0 0,255,0,255,0,0,0,0,0,0 NULL 0 0 0 	# ් [dca ]
දෙෙ 0 0,255,0,255,0,0,0,0,0,0 NULL 0 0 0 	# දෙෙ [daf dd9 dd9 ]
_ 0 0,255,0,255,0,0,0,0,0,0 NULL 0 0 0 	# _ [5f ]
භු 0 0,255,0,255,0,0,0,0,0,0 NULL 0 0 0 	# භු [db7 dd4 ]
භේ 0 0,255,0,255,0,0,0,0,0,0 NULL 0 0 0 	# භේ [db7 dda ]
ථ් 0 0,255,0,255,0,0,0,0,0,0 NULL 0 0 0 	# ථ් [dae dca ]
ජ්‍යේ 0 0,255,0,255,0,0,0,0,0,0 NULL 0 0 0 	# ජ්‍යේ [da2 dca 200d dba dda ]
ධූ 0 0,255,0,255,0,0,0,0,0,0 NULL 0 0 0 	# ධූ [db0 dd6 ]
ධෛ 0 0,255,0,255,0,0,0,0,0,0 NULL 0 0 0 	# ධෛ [db0 ddb ]
ණේ 0 0,255,0,255,0,0,0,0,0,0 NULL 0 0 0 	# ණේ [dab dda ]
[ 0 0,255,0,255,0,0,0,0,0,0 NULL 0 0 0 	# [ [5b ]
] 0 0,255,0,255,0,0,0,0,0,0 NULL 0 0 0 	# ] [5d ]
නෛ 0 0,255,0,255,0,0,0,0,0,0 NULL 0 0 0 	# නෛ [db1 ddb ]
ඝු 0 0,255,0,255,0,0,0,0,0,0 NULL 0 0 0 	# ඝු [d9d dd4 ]
ඡෙ 0 0,255,0,255,0,0,0,0,0,0 NULL 0 0 0 	# ඡෙ [da1 dd9 ]
චූ 0 0,255,0,255,0,0,0,0,0,0 NULL 0 0 0 	# චූ [da0 dd6 ]
හ් 0 0,255,0,255,0,0,0,0,0,0 NULL 0 0 0 	# හ් [dc4 dca ]
ෂූ 0 0,255,0,255,0,0,0,0,0,0 NULL 0 0 0 	# ෂූ [dc2 dd6 ]
ඡි 0 0,255,0,255,0,0,0,0,0,0 NULL 0 0 0 	# ඡි [da1 dd2 ]
ඤ් 0 0,255,0,255,0,0,0,0,0,0 NULL 0 0 0 	# ඤ් [da4 dca ]
ඤ 0 0,255,0,255,0,0,0,0,0,0 NULL 0 0 0 	# ඤ [da4 ]
ශූ 0 0,255,0,255,0,0,0,0,0,0 NULL 0 0 0 	# ශූ [dc1 dd6 ]
රැ 0 0,255,0,255,0,0,0,0,0,0 NULL 0 0 0 	# රැ [dbb dd0 ]
