220
NULL 0 NULL 0
Joined 0 0,255,0,255,0,0,0,0,0,0 NULL 0 0 0 	# Joined [4a 6f 69 6e 65 64 ]
|Broken|0|1 0 0,255,0,255,0,0,0,0,0,0 NULL 0 0 0 	# Broken
ப 0 0,255,0,255,0,0,0,0,0,0 NULL 0 0 0 	# ப [baa ]
ண 0 0,255,0,255,0,0,0,0,0,0 NULL 0 0 0 	# ண [ba3 ]
ி 0 0,255,0,255,0,0,0,0,0,0 NULL 0 0 0 	# ி [bbf ]
ப் 0 0,255,0,255,0,0,0,0,0,0 NULL 0 0 0 	# ப் [baa bcd ]
ா 0 0,255,0,255,0,0,0,0,0,0 NULL 0 0 0 	# ா [bbe ]
ள 0 0,255,0,255,0,0,0,0,0,0 NULL 0 0 0 	# ள [bb3 ]
ர் 0 0,255,0,255,0,0,0,0,0,0 NULL 0 0 0 	# ர் [bb0 bcd ]
ந 0 0,255,0,255,0,0,0,0,0,0 NULL 0 0 0 	# ந [ba8 ]
ய 0 0,255,0,255,0,0,0,0,0,0 NULL 0 0 0 	# ய [baf ]
க 0 0,255,0,255,0,0,0,0,0,0 NULL 0 0 0 	# க [b95 ]
ம் 0 0,255,0,255,0,0,0,0,0,0 NULL 0 0 0 	# ம் [bae bcd ]
, 0 0,255,0,255,0,0,0,0,0,0 NULL 0 0 0 	# , [2c ]
அ 0 0,255,0,255,0,0,0,0,0,0 NULL 0 0 0 	# அ [b85 ]
ர 0 0,255,0,255,0,0,0,0,0,0 NULL 0 0 0 	# ர [bb0 ]
சு 0 0,255,0,255,0,0,0,0,0,0 NULL 0 0 0 	# சு [b9a bc1 ]
த 0 0,255,0,255,0,0,0,0,0,0 NULL 0 0 0 	# த [ba4 ]
ஶ்ரீ 0 0,255,0,255,0,0,0,0,0,0 NULL 0 0 0 	# ஶ்ரீ [bb6 bcd bb0 bc0 ]
வ 0 0,255,0,255,0,0,0,0,0,0 NULL 0 0 0 	# வ [bb5 ]
ல் 0 0,255,0,255,0,0,0,0,0,0 NULL 0 0 0 	# ல் [bb2 bcd ]
து 0 0,255,0,255,0,0,0,0,0,0 NULL 0 0 0 	# து [ba4 bc1 ]
றை 0 0,255,0,255,0,0,0,0,0,0 NULL 0 0 0 	# றை [bb1 bc8 ]
ணை 0 0,255,0,255,0,0,0,0,0,0 NULL 0 0 0 	# ணை [ba3 bc8 ]
க் 0 0,255,0,255,0,0,0,0,0,0 NULL 0 0 0 	# க் [b95 bcd ]
இ 0 0,255,0,255,0,0,0,0,0,0 NULL 0 0 0 	# இ [b87 ]
ல 0 0,255,0,255,0,0,0,0,0,0 NULL 0 0 0 	# ல [bb2 ]
1 0 0,255,0,255,0,0,0,0,0,0 NULL 0 0 0 	# 1 [31 ]
6 0 0,255,0,255,0,0,0,0,0,0 NULL 0 0 0 	# 6 [36 ]
3 0 0,255,0,255,0,0,0,0,0,0 NULL 0 0 0 	# 3 [33 ]
ரு 0 0,255,0,255,0,0,0,0,0,0 NULL 0 0 0 	# ரு [bb0 bc1 ]
ம 0 0,255,0,255,0,0,0,0,0,0 NULL 0 0 0 	# ம [bae ]
த் 0 0,255,0,255,0,0,0,0,0,0 NULL 0 0 0 	# த் [ba4 bcd ]
தை 0 0,255,0,255,0,0,0,0,0,0 NULL 0 0 0 	# தை [ba4 bc8 ]
ொ 0 0,255,0,255,0,0,0,0,0,0 NULL 0 0 0 	# ொ [bca ]
ள் 0 0,255,0,255,0,0,0,0,0,0 NULL 0 0 0 	# ள் [bb3 bcd ]
ஹே 0 0,255,0,255,0,0,0,0,0,0 NULL 0 0 0 	# ஹே [bb9 bc7 ]
ண் 0 0,255,0,255,0,0,0,0,0,0 NULL 0 0 0 	# ண் [ba3 bcd ]
டை 0 0,255,0,255,0,0,0,0,0,0 NULL 0 0 0 	# டை [b9f bc8 ]
ட 0 0,255,0,255,0,0,0,0,0,0 NULL 0 0 0 	# ட [b9f ]
ழு 0 0,255,0,255,0,0,0,0,0,0 NULL 0 0 0 	# ழு [bb4 bc1 ]
பு 0 0,255,0,255,0,0,0,0,0,0 NULL 0 0 0 	# பு [baa bc1 ]
0 0 0,255,0,255,0,0,0,0,0,0 NULL 0 0 0 	# 0 [30 ]
5 0 0,255,0,255,0,0,0,0,0,0 NULL 0 0 0 	# 5 [35 ]
. 0 0,255,0,255,0,0,0,0,0,0 NULL 0 0 0 	# . [2e ]
ச 0 0,255,0,255,0,0,0,0,0,0 NULL 0 0 0 	# ச [b9a ]
மூ 0 0,255,0,255,0,0,0,0,0,0 NULL 0 0 0 	# மூ [bae bc2 ]
ஒ 0 0,255,0,255,0,0,0,0,0,0 NULL 0 0 0 	# ஒ [b92 ]
மை 0 0,255,0,255,0,0,0,0,0,0 NULL 0 0 0 	# மை [bae bc8 ]
ட் 0 0,255,0,255,0,0,0,0,0,0 NULL 0 0 0 	# ட் [b9f bcd ]
டு 0 0,255,0,255,0,0,0,0,0,0 NULL 0 0 0 	# டு [b9f bc1 ]
ரை 0 0,255,0,255,0,0,0,0,0,0 NULL 0 0 0 	# ரை [bb0 bc8 ]
2 0 0,255,0,255,0,0,0,0,0,0 NULL 0 0 0 	# 2 [32 ]
எ 0 0,255,0,255,0,0,0,0,0,0 NULL 0 0 0 	# எ [b8e ]
ங் 0 0,255,0,255,0,0,0,0,0,0 NULL 0 0 0 	# ங் [b99 bcd ]
ச் 0 0,255,0,255,0,0,0,0,0,0 NULL 0 0 0 	# ச் [b9a bcd ]
ன் 0 0,255,0,255,0,0,0,0,0,0 NULL 0 0 0 	# ன் [ba9 bcd ]
ஊ 0 0,255,0,255,0,0,0,0,0,0 NULL 0 0 0 	# ஊ [b8a ]
ஜ 0 0,255,0,255,0,0,0,0,0,0 NULL 0 0 0 	# ஜ [b9c ]
ூ 0 0,255,0,255,0,0,0,0,0,0 NULL 0 0 0 	# ூ [bc2 ]
லை 0 0,255,0,255,0,0,0,0,0,0 NULL 0 0 0 	# லை [bb2 bc8 ]
ந் 0 0,255,0,255,0,0,0,0,0,0 NULL 0 0 0 	# ந் [ba8 bcd ]
ஆ 0 0,255,0,255,0,0,0,0,0,0 NULL 0 0 0 	# ஆ [b86 ]
மு 0 0,255,0,255,0,0,0,0,0,0 NULL 0 0 0 	# மு [bae bc1 ]
உ 0 0,255,0,255,0,0,0,0,0,0 NULL 0 0 0 	# உ [b89 ]
தே 0 0,255,0,255,0,0,0,0,0,0 NULL 0 0 0 	# தே [ba4 bc7 ]
ன 0 0,255,0,255,0,0,0,0,0,0 NULL 0 0 0 	# ன [ba9 ]
டி 0 0,255,0,255,0,0,0,0,0,0 NULL 0 0 0 	# டி [b9f bbf ]
பெ 0 0,255,0,255,0,0,0,0,0,0 NULL 0 0 0 	# பெ [baa bc6 ]
று 0 0,255,0,255,0,0,0,0,0,0 NULL 0 0 0 	# று [bb1 bc1 ]
தீ 0 0,255,0,255,0,0,0,0,0,0 NULL 0 0 0 	# தீ [ba4 bc0 ]
மே 0 0,255,0,255,0,0,0,0,0,0 NULL 0 0 0 	# மே [bae bc7 ]
ற் 0 0,255,0,255,0,0,0,0,0,0 NULL 0 0 0 	# ற் [bb1 bcd ]
கு 0 0,255,0,255,0,0,0,0,0,0 NULL 0 0 0 	# கு [b95 bc1 ]
ற 0 0,255,0,255,0,0,0,0,0,0 NULL 0 0 0 	# ற [bb1 ]
ளை 0 0,255,0,255,0,0,0,0,0,0 NULL 0 0 0 	# ளை [bb3 bc8 ]
தெ 0 0,255,0,255,0,0,0,0,0,0 NULL 0 0 0 	# தெ [ba4 bc6 ]
7 0 0,255,0,255,0,0,0,0,0,0 NULL 0 0 0 	# 7 [37 ]
ளு 0 0,255,0,255,0,0,0,0,0,0 NULL 0 0 0 	# ளு [bb3 bc1 ]
ஏ 0 0,255,0,255,0,0,0,0,0,0 NULL 0 0 0 	# ஏ [b8f ]
ோ 0 0,255,0,255,0,0,0,0,0,0 NULL 0 0 0 	# ோ [bcb ]
வை 0 0,255,0,255,0,0,0,0,0,0 NULL 0 0 0 	# வை [bb5 bc8 ]
மீ 0 0,255,0,255,0,0,0,0,0,0 NULL 0 0 0 	# மீ [bae bc0 ]
ளே 0 0,255,0,255,0,0,0,0,0,0 NULL 0 0 0 	# ளே [bb3 bc7 ]
லி 0 0,255,0,255,0,0,0,0,0,0 NULL 0 0 0 	# லி [bb2 bbf ]
( 0 0,255,0,255,0,0,0,0,0,0 NULL 0 0 0 	# ( [28 ]
) 0 0,255,0,255,0,0,0,0,0,0 NULL 0 0 0 	# ) [29 ]
செ 0 0,255,0,255,0,0,0,0,0,0 NULL 0 0 0 	# செ [b9a bc6 ]
யு 0 0,255,0,255,0,0,0,0,0,0 NULL 0 0 0 	# யு [baf bc1 ]
௫ 0 0,255,0,255,0,0,0,0,0,0 NULL 0 0 0 	# ௫ [beb ]
வு 0 0,255,0,255,0,0,0,0,0,0 NULL 0 0 0 	# வு [bb5 bc1 ]
கே 0 0,255,0,255,0,0,0,0,0,0 NULL 0 0 0 	# கே [b95 bc7 ]
ழ் 0 0,255,0,255,0,0,0,0,0,0 NULL 0 0 0 	# ழ் [bb4 bcd ]
ய் 0 0,255,0,255,0,0,0,0,0,0 NULL 0 0 0 	# ய் [baf bcd ]
றே 0 0,255,0,255,0,0,0,0,0,0 NULL 0 0 0 	# றே [bb1 bc7 ]
லு 0 0,255,0,255,0,0,0,0,0,0 NULL 0 0 0 	# லு [bb2 bc1 ]
வ் 0 0,255,0,255,0,0,0,0,0,0 NULL 0 0 0 	# வ் [bb5 bcd ]
பே 0 0,255,0,255,0,0,0,0,0,0 NULL 0 0 0 	# பே [baa bc7 ]
நீ 0 0,255,0,255,0,0,0,0,0,0 NULL 0 0 0 	# நீ [ba8 bc0 ]
ழ 0 0,255,0,255,0,0,0,0,0,0 NULL 0 0 0 	# ழ [bb4 ]
டீ 0 0,255,0,255,0,0,0,0,0,0 NULL 0 0 0 	# டீ [b9f bc0 ]
மெ 0 0,255,0,255,0,0,0,0,0,0 NULL 0 0 0 	# மெ [bae bc6 ]
- 0 0,255,0,255,0,0,0,0,0,0 NULL 0 0 0 	# - [2d ]
ரீ 0 0,255,0,255,0,0,0,0,0,0 NULL 0 0 0 	# ரீ [bb0 bc0 ]
சை 0 0,255,0,255,0,0,0,0,0,0 NULL 0 0 0 	# சை [b9a bc8 ]
கை 0 0,255,0,255,0,0,0,0,0,0 NULL 0 0 0 	# கை [b95 bc8 ]
8 0 0,255,0,255,0,0,0,0,0,0 NULL 0 0 0 	# 8 [38 ]
யூ 0 0,255,0,255,0,0,0,0,0,0 NULL 0 0 0 	# யூ [baf bc2 ]
கெ 0 0,255,0,255,0,0,0,0,0,0 NULL 0 0 0 	# கெ [b95 bc6 ]
' 0 0,255,0,255,0,0,0,0,0,0 NULL 0 0 0 	# ' [27 ]
ழை 0 0,255,0,255,0,0,0,0,0,0 NULL 0 0 0 	# ழை [bb4 bc8 ]
கீ 0 0,255,0,255,0,0,0,0,0,0 NULL 0 0 0 	# கீ [b95 bc0 ]
னை 0 0,255,0,255,0,0,0,0,0,0 NULL 0 0 0 	# னை [ba9 bc8 ]
னு 0 0,255,0,255,0,0,0,0,0,0 NULL 0 0 0 	# னு [ba9 bc1 ]
4 0 0,255,0,255,0,0,0,0,0,0 NULL 0 0 0 	# 4 [34 ]
/ 0 0,255,0,255,0,0,0,0,0,0 NULL 0 0 0 	# / [2f ]
9 0 0,255,0,255,0,0,0,0,0,0 NULL 0 0 0 	# 9 [39 ]
ரே 0 0,255,0,255,0,0,0,0,0,0 NULL 0 0 0 	# ரே [bb0 bc7 ]
" 0 0,255,0,255,0,0,0,0,0,0 NULL 0 0 0 	# " [22 ]
பூ 0 0,255,0,255,0,0,0,0,0,0 NULL 0 0 0 	# பூ [baa bc2 ]
யே 0 0,255,0,255,0,0,0,0,0,0 NULL 0 0 0 	# யே [baf bc7 ]
ஸ் 0 0,255,0,255,0,0,0,0,0,0 NULL 0 0 0 	# ஸ் [bb8 bcd ]
வீ 0 0,255,0,255,0,0,0,0,0,0 NULL 0 0 0 	# வீ [bb5 bc0 ]
ஹ 0 0,255,0,255,0,0,0,0,0,0 NULL 0 0 0 	# ஹ [bb9 ]
ஷ் 0 0,255,0,255,0,0,0,0,0,0 NULL 0 0 0 	# ஷ் [bb7 bcd ]
ஐ 0 0,255,0,255,0,0,0,0,0,0 NULL 0 0 0 	# ஐ [b90 ]
லே 0 0,255,0,255,0,0,0,0,0,0 NULL 0 0 0 	# லே [bb2 bc7 ]
யை 0 0,255,0,255,0,0,0,0,0,0 NULL 0 0 0 	# யை [baf bc8 ]
பீ 0 0,255,0,255,0,0,0,0,0,0 NULL 0 0 0 	# பீ [baa bc0 ]
வெ 0 0,255,0,255,0,0,0,0,0,0 NULL 0 0 0 	# வெ [bb5 bc6 ]
யெ 0 0,255,0,255,0,0,0,0,0,0 NULL 0 0 0 	# யெ [baf bc6 ]
லெ 0 0,255,0,255,0,0,0,0,0,0 NULL 0 0 0 	# லெ [bb2 bc6 ]
வே 0 0,255,0,255,0,0,0,0,0,0 NULL 0 0 0 	# வே [bb5 bc7 ]
ஜே 0 0,255,0,255,0,0,0,0,0,0 NULL 0 0 0 	# ஜே [b9c bc7 ]
ஜெ 0 0,255,0,255,0,0,0,0,0,0 NULL 0 0 0 	# ஜெ [b9c bc6 ]
வூ 0 0,255,0,255,0,0,0,0,0,0 NULL 0 0 0 	# வூ [bb5 bc2 ]
ஹெ 0 0,255,0,255,0,0,0,0,0,0 NULL 0 0 0 	# ஹெ [bb9 bc6 ]
நே 0 0,255,0,255,0,0,0,0,0,0 NULL 0 0 0 	# நே [ba8 bc7 ]
நூ 0 0,255,0,255,0,0,0,0,0,0 NULL 0 0 0 	# நூ [ba8 bc2 ]
சே 0 0,255,0,255,0,0,0,0,0,0 NULL 0 0 0 	# சே [b9a bc7 ]
பை 0 0,255,0,255,0,0,0,0,0,0 NULL 0 0 0 	# பை [baa bc8 ]
நெ 0 0,255,0,255,0,0,0,0,0,0 NULL 0 0 0 	# நெ [ba8 bc6 ]
சீ 0 0,255,0,255,0,0,0,0,0,0 NULL 0 0 0 	# சீ [b9a bc0 ]
கூ 0 0,255,0,255,0,0,0,0,0,0 NULL 0 0 0 	# கூ [b95 bc2 ]
னே 0 0,255,0,255,0,0,0,0,0,0 NULL 0 0 0 	# னே [ba9 bc7 ]
– 0 0,255,0,255,0,0,0,0,0,0 NULL 0 0 0 	# – [2013 ]
ரூ 0 0,255,0,255,0,0,0,0,0,0 NULL 0 0 0 	# ரூ [bb0 bc2 ]
ஷ 0 0,255,0,255,0,0,0,0,0,0 NULL 0 0 0 	# ஷ [bb7 ]
னீ 0 0,255,0,255,0,0,0,0,0,0 NULL 0 0 0 	# னீ [ba9 bc0 ]
“ 0 0,255,0,255,0,0,0,0,0,0 NULL 0 0 0 	# “ [201c ]
னெ 0 0,255,0,255,0,0,0,0,0,0 NULL 0 0 0 	# னெ [ba9 bc6 ]
ௌ 0 0,255,0,255,0,0,0,0,0,0 NULL 0 0 0 	# ௌ [bcc ]
யீ 0 0,255,0,255,0,0,0,0,0,0 NULL 0 0 0 	# யீ [baf bc0 ]
” 0 0,255,0,255,0,0,0,0,0,0 NULL 0 0 0 	# ” [201d ]
ு 0 0,255,0,255,0,0,0,0,0,0 NULL 0 0 0 	# ு [bc1 ]
ஜீ 0 0,255,0,255,0,0,0,0,0,0 NULL 0 0 0 	# ஜீ [b9c bc0 ]
னூ 0 0,255,0,255,0,0,0,0,0,0 NULL 0 0 0 	# னூ [ba9 bc2 ]
+ 0 0,255,0,255,0,0,0,0,0,0 NULL 0 0 0 	# + [2b ]
ஞ் 0 0,255,0,255,0,0,0,0,0,0 NULL 0 0 0 	# ஞ் [b9e bcd ]
ஓ 0 0,255,0,255,0,0,0,0,0,0 NULL 0 0 0 	# ஓ [b93 ]
ளீ 0 0,255,0,255,0,0,0,0,0,0 NULL 0 0 0 	# ளீ [bb3 bc0 ]
: 0 0,255,0,255,0,0,0,0,0,0 NULL 0 0 0 	# : [3a ]
= 0 0,255,0,255,0,0,0,0,0,0 NULL 0 0 0 	# = [3d ]
ஸ 0 0,255,0,255,0,0,0,0,0,0 NULL 0 0 0 	# ஸ [bb8 ]
லீ 0 0,255,0,255,0,0,0,0,0,0 NULL 0 0 0 	# லீ [bb2 bc0 ]
ளூ 0 0,255,0,255,0,0,0,0,0,0 NULL 0 0 0 	# ளூ [bb3 bc2 ]
ஞ 0 0,255,0,255,0,0,0,0,0,0 NULL 0 0 0 	# ஞ [b9e ]
ளெ 0 0,255,0,255,0,0,0,0,0,0 NULL 0 0 0 	# ளெ [bb3 bc6 ]
டே 0 0,255,0,255,0,0,0,0,0,0 NULL 0 0 0 	# டே [b9f bc7 ]
ரெ 0 0,255,0,255,0,0,0,0,0,0 NULL 0 0 0 	# ரெ [bb0 bc6 ]
நு 0 0,255,0,255,0,0,0,0,0,0 NULL 0 0 0 	# நு [ba8 bc1 ]
ணு 0 0,255,0,255,0,0,0,0,0,0 NULL 0 0 0 	# ணு [ba3 bc1 ]
ஈ 0 0,255,0,255,0,0,0,0,0,0 NULL 0 0 0 	# ஈ [b88 ]
ஹை 0 0,255,0,255,0,0,0,0,0,0 NULL 0 0 0 	# ஹை [bb9 bc8 ]
டெ 0 0,255,0,255,0,0,0,0,0,0 NULL 0 0 0 	# டெ [b9f bc6 ]
ஸ்ரீ 0 0,255,0,255,0,0,0,0,0,0 NULL 0 0 0 	# ஸ்ரீ [bb8 bcd bb0 bc0 ]
‘ 0 0,255,0,255,0,0,0,0,0,0 NULL 0 0 0 	# ‘ [2018 ]
’ 0 0,255,0,255,0,0,0,0,0,0 NULL 0 0 0 	# ’ [2019 ]
… 0 0,255,0,255,0,0,0,0,0,0 NULL 0 0 0 	# … [2026 ]
ஜ் 0 0,255,0,255,0,0,0,0,0,0 NULL 0 0 0 	# ஜ் [b9c bcd ]
% 0 0,255,0,255,0,0,0,0,0,0 NULL 0 0 0 	# % [25 ]
லூ 0 0,255,0,255,0,0,0,0,0,0 NULL 0 0 0 	# லூ [bb2 bc2 ]
ழே 0 0,255,0,255,0,0,0,0,0,0 NULL 0 0 0 	# ழே [bb4 bc7 ]
ணே 0 0,255,0,255,0,0,0,0,0,0 NULL 0 0 0 	# ணே [ba3 bc7 ]
சூ 0 0,255,0,255,0,0,0,0,0,0 NULL 0 0 0 	# சூ [b9a bc2 ]
தூ 0 0,255,0,255,0,0,0,0,0,0 NULL 0 0 0 	# தூ [ba4 bc2 ]
க்ஷ 0 0,255,0,255,0,0,0,0,0,0 NULL 0 0 0 	# க்ஷ [b95 bcd bb7 ]
ஸீ 0 0,255,0,255,0,0,0,0,0,0 NULL 0 0 0 	# ஸீ [bb8 bc0 ]
; 0 0,255,0,255,0,0,0,0,0,0 NULL 0 0 0 	# ; [3b ]
ௗ 0 0,255,0,255,0,0,0,0,0,0 NULL 0 0 0 	# ௗ [bd7 ]
றூ 0 0,255,0,255,0,0,0,0,0,0 NULL 0 0 0 	# றூ [bb1 bc2 ]
? 0 0,255,0,255,0,0,0,0,0,0 NULL 0 0 0 	# ? [3f ]
ணீ 0 0,255,0,255,0,0,0,0,0,0 NULL 0 0 0 	# ணீ [ba3 bc0 ]
ஷே 0 0,255,0,255,0,0,0,0,0,0 NULL 0 0 0 	# ஷே [bb7 bc7 ]
> 0 0,255,0,255,0,0,0,0,0,0 NULL 0 0 0 	# > [3e ]
ழேு 0 0,255,0,255,0,0,0,0,0,0 NULL 0 0 0 	# ழேு [bb4 bc7 bc1 ]
ணெ 0 0,255,0,255,0,0,0,0,0,0 NULL 0 0 0 	# ணெ [ba3 bc6 ]
ஸி 0 0,255,0,255,0,0,0,0,0,0 NULL 0 0 0 	# ஸி [bb8 bbf ]
ஷெ 0 0,255,0,255,0,0,0,0,0,0 NULL 0 0 0 	# ஷெ [bb7 bc6 ]
௦ 0 0,255,0,255,0,0,0,0,0,0 NULL 0 0 0 	# ௦ [be6 ]
் 0 0,255,0,255,0,0,0,0,0,0 NULL 0 0 0 	# ் [bcd ]
ஹ் 0 0,255,0,255,0,0,0,0,0,0 NULL 0 0 0 	# ஹ் [bb9 bcd ]
ஜை 0 0,255,0,255,0,0,0,0,0,0 NULL 0 0 0 	# ஜை [b9c bc8 ]
௨ 0 0,255,0,255,0,0,0,0,0,0 NULL 0 0 0 	# ௨ [be8 ]
ஃ 0 0,255,0,255,0,0,0,0,0,0 NULL 0 0 0 	# ஃ [b83 ]
றீ 0 0,255,0,255,0,0,0,0,0,0 NULL 0 0 0 	# றீ [bb1 bc0 ]
ஹீ 0 0,255,0,255,0,0,0,0,0,0 NULL 0 0 0 	# ஹீ [bb9 bc0 ]
ங 0 0,255,0,255,0,0,0,0,0,0 NULL 0 0 0 	# ங [b99 ]
௮ 0 0,255,0,255,0,0,0,0,0,0 NULL 0 0 0 	# ௮ [bee ]
றெ 0 0,255,0,255,0,0,0,0,0,0 NULL 0 0 0 	# றெ [bb1 bc6 ]
* 0 0,255,0,255,0,0,0,0,0,0 NULL 0 0 0 	# * [2a ]
௧ 0 0,255,0,255,0,0,0,0,0,0 NULL 0 0 0 	# ௧ [be7 ]
௯ 0 0,255,0,255,0,0,0,0,0,0 NULL 0 0 0 	# ௯ [bef ]
௭ 0 0,255,0,255,0,0,0,0,0,0 NULL 0 0 0 	# ௭ [bed ]
௩ 0 0,255,0,255,0,0,0,0,0,0 NULL 0 0 0 	# ௩ [be9 ]
_ 0 0,255,0,255,0,0,0,0,0,0 NULL 0 0 0 	# _ [5f ]
\ 0 0,255,0,255,0,0,0,0,0,0 NULL 0 0 0 	# \ [5c ]
[ 0 0,255,0,255,0,0,0,0,0,0 NULL 0 0 0 	# [ [5b ]
டூ 0 0,255,0,255,0,0,0,0,0,0 NULL 0 0 0 	# டூ [b9f bc2 ]
